-0.0339826 -0.000113334 -0.14067
-0.0523233 -0.00286751 0.719568
-0.06692 -0.0035227 1.57887
-0.0825226 -0.0103703 2.43914
-0.1148 -0.0235734 3.29783
-0.135993 -0.0415415 4.15792
-0.180392 -0.0356026 5.0162
-0.193941 -0.0533429 5.87621
-0.211549 -0.0604599 6.7366
-0.245836 -0.0681622 7.59502
-0.269615 -0.083672 8.45498
-0.309748 -0.070729 9.3143
-0.34872 -0.0816012 10.1729
-0.372498 -0.0695709 11.0284
-0.414476 -0.0617078 11.891
-0.449863 -0.0869868 12.7606
-0.50148 -0.0967587 13.6407
-0.552891 -0.107286 14.5311
-0.597947 -0.117644 15.4316
-0.660532 -0.130868 16.3355
-0.679 -0.138563 17.2483
-0.712503 -0.131338 18.1628
-0.755769 -0.119486 19.0802
-0.849921 -0.132486 20.004
-0.912981 -0.146379 20.9379
-0.961793 -0.149188 21.874
-1.00388 -0.138256 22.817
-1.06143 -0.143295 23.7621
-1.11683 -0.149512 24.7099
-1.16833 -0.156227 25.6618
-1.20364 -0.171669 26.6211
-1.27227 -0.16289 27.5885
-1.30763 -0.177563 28.5647
-1.38507 -0.162081 29.5424
-1.42318 -0.149854 30.5222
-1.47543 -0.152054 31.5014
-1.532 -0.139187 32.4855
-1.57306 -0.139177 33.498
-1.63543 -0.159742 34.5564
-1.69643 -0.176392 35.5991
-1.7879 -0.15634 36.6415
-1.83788 -0.175817 37.6752
-1.90393 -0.193219 38.7108
-1.9862 -0.191719 39.7333
-2.05525 -0.195631 40.7558
-2.11621 -0.194551 41.7665
-2.21377 -0.20058 42.7696
-2.2684 -0.190651 43.7717
-2.32254 -0.211103 44.7718
-2.42023 -0.234947 45.7643
-2.47523 -0.244944 46.7518
-2.54661 -0.255184 47.7297
-2.59571 -0.251679 48.7129
-2.66841 -0.261368 49.6937
-2.76356 -0.277609 50.6681
-2.8366 -0.286795 51.6379
-2.88991 -0.30638 52.6017
-2.92924 -0.327446 53.5665
-2.93089 -0.318144 54.5275
-3.01483 -0.330753 55.488
-3.09687 -0.366053 56.4479
-3.17882 -0.350914 57.3986
-3.23969 -0.356316 58.3403
-3.29328 -0.355288 59.2661
-3.36019 -0.359301 60.1812
-3.41719 -0.380235 61.093
-3.49508 -0.391435 61.9911
-3.54435 -0.381551 62.8757
-3.63531 -0.403463 63.7424
-3.71821 -0.409546 64.5965
-3.78997 -0.407165 65.4396
-3.87092 -0.424568 66.2672
-3.95287 -0.430203 67.0827
-4.05291 -0.419619 67.884
-4.1204 -0.417092 68.6781
-4.17446 -0.419337 69.4557
-4.25727 -0.425392 70.2077
-4.3271 -0.407638 70.9382
-4.39489 -0.403536 71.651
-4.45219 -0.413389 72.3468
-4.51321 -0.395205 73.0239
-4.57239 -0.405426 73.681
-4.67294 -0.416801 74.3068
-4.76171 -0.441261 74.914
-4.81183 -0.441838 75.5087
-4.78947 -0.460671 76.0924
-4.83986 -0.464474 76.6627
-4.85872 -0.410815 77.2168
-4.90051 -0.41933 77.7592
-4.94056 -0.428815 78.2896
-5.01255 -0.455228 78.7965
-5.10512 -0.445093 79.2898
-5.08385 -0.445111 79.7774
-5.08113 -0.453852 80.252
-5.0801 -0.468359 80.712
-5.03498 -0.471118 81.1648
-4.99753 -0.487572 81.6131
-4.94573 -0.495161 82.0477
-4.87859 -0.490015 82.4812
-4.71689 -0.500014 82.8815
-4.6198 -0.500459 83.2831
-4.48526 -0.505774 83.6774
-4.28294 -0.533414 84.0178
-4.06747 -0.543433 84.3585
-3.89733 -0.545941 84.717
-3.67665 -0.556964 85.0244
-3.42912 -0.581728 85.3213
-3.19218 -0.586211 85.6101
-2.92178 -0.600121 85.8882
-2.63439 -0.602402 86.1422
-2.33394 -0.60575 86.3683
-1.99047 -0.609773 86.5316
-1.67896 -0.611492 86.7331
-1.33088 -0.647772 86.8819
-0.983771 -0.656111 87.039
-0.617085 -0.702573 87.1106
-0.230931 -0.696868 87.1521
0.13554 -0.718797 87.27
0.496237 -0.708863 87.4062
0.878732 -0.713826 87.4746
1.24318 -0.70511 87.6231
1.63444 -0.710906 87.7243
2.04209 -0.715041 87.7793
2.45939 -0.705503 87.8546
2.88152 -0.68513 87.9316
3.32558 -0.680873 88.0067
3.78882 -0.685489 88.076
4.25857 -0.692646 88.1494
4.74284 -0.698815 88.208
5.23684 -0.698187 88.2728
5.74914 -0.695399 88.3266
6.27774 -0.691912 88.3728
6.82221 -0.677065 88.4147
7.38449 -0.670638 88.4603
7.96744 -0.645424 88.4904
8.56859 -0.636889 88.5411
9.18661 -0.624277 88.583
9.82371 -0.610626 88.6407
10.4771 -0.598669 88.6862
11.1491 -0.586364 88.736
11.8341 -0.569136 88.7768
12.5411 -0.569976 88.8052
13.2625 -0.540678 88.8517
13.9997 -0.52067 88.9041
14.7539 -0.511247 88.9929
15.5219 -0.484803 89.068
16.3064 -0.453583 89.1367
17.0973 -0.402272 89.2051
17.8971 -0.374936 89.2778
18.6986 -0.378788 89.3586
19.5024 -0.369168 89.4633
20.3122 -0.358864 89.5623
21.1285 -0.338904 89.6366
21.9409 -0.324508 89.7506
22.7534 -0.311292 89.8539
23.5661 -0.299628 89.9579
24.3797 -0.321108 90.0345
25.1918 -0.32403 90.0909
26.0018 -0.313179 90.1567
26.8083 -0.317758 90.2635
27.617 -0.342922 90.3304
28.425 -0.356893 90.426
29.2351 -0.368331 90.4953
30.0386 -0.376103 90.5794
30.8394 -0.38298 90.6332
31.6403 -0.391481 90.6721
32.437 -0.392995 90.7211
33.2286 -0.407017 90.7614
34.0193 -0.416178 90.8141
34.8063 -0.429138 90.8369
35.5861 -0.447221 90.8579
36.3626 -0.456037 90.8584
37.132 -0.450971 90.8822
37.8939 -0.453559 90.8844
38.6479 -0.458811 90.847
39.3952 -0.459614 90.8332
40.1354 -0.453727 90.8106
40.8661 -0.451989 90.7538
41.5894 -0.441369 90.7212
42.3065 -0.416894 90.6898
43.011 -0.417977 90.6403
43.6999 -0.41071 90.587
44.3756 -0.417868 90.5337
45.0343 -0.418621 90.4952
45.6766 -0.406179 90.4605
46.2976 -0.371118 90.406
46.9017 -0.359876 90.3761
47.4842 -0.326987 90.3316
48.0486 -0.323919 90.3371
48.5913 -0.357821 90.3376
49.1268 -0.343033 90.3468
49.652 -0.34609 90.4021
50.1746 -0.344456 90.4403
50.6979 -0.352537 90.4833
51.2151 -0.351926 90.5545
51.7119 -0.321531 90.6831
52.214 -0.308837 90.7932
52.7065 -0.303642 90.9486
53.1788 -0.289327 91.1037
53.6229 -0.274698 91.3314
54.0509 -0.273242 91.5783
54.4565 -0.25083 91.8062
54.8651 -0.242613 92.0582
55.2237 -0.206789 92.3372
55.5756 -0.217175 92.6598
55.8903 -0.212145 93.0172
56.172 -0.205936 93.3711
56.4608 -0.213271 93.7513
56.7277 -0.214503 94.1478
56.9744 -0.214337 94.5326
57.1958 -0.22824 94.9596
57.3948 -0.214106 95.3987
57.5615 -0.20877 95.8382
57.7084 -0.192285 96.3063
57.8494 -0.178195 96.7642
57.9783 -0.168356 97.2385
58.1054 -0.16927 97.7143
58.211 -0.167353 98.199
58.303 -0.161306 98.6979
58.3828 -0.162463 99.2099
58.4654 -0.155287 99.729
58.5601 -0.149821 100.257
58.6559 -0.15406 100.794
58.7721 -0.155771 101.338
58.9153 -0.157855 101.884
59.0464 -0.156223 102.446
59.0778 -0.144971 103.043
59.2127 -0.157814 103.636
59.3131 -0.173864 104.251
59.4433 -0.177886 104.871
59.5699 -0.164206 105.505
59.7142 -0.168079 106.142
59.8862 -0.155579 106.781
60.0445 -0.142865 107.428
60.1583 -0.165257 108.097
60.3019 -0.163044 108.774
60.4713 -0.153959 109.468
60.6548 -0.150952 110.174
60.8411 -0.155551 110.89
61.0438 -0.136387 111.605
61.1686 -0.131521 112.343
61.3399 -0.12325 113.085
61.4832 -0.136123 113.845
61.6645 -0.153257 114.613
61.8596 -0.164472 115.387
61.9956 -0.189858 116.187
62.1776 -0.204587 116.997
62.3702 -0.201923 117.806
62.5467 -0.213617 118.627
62.737 -0.218064 119.445
62.918 -0.218212 120.269
63.0843 -0.218354 121.102
63.2617 -0.213628 121.939
63.4546 -0.229826 122.779
63.6436 -0.241685 123.619
63.831 -0.253997 124.463
64.0224 -0.258683 125.322
64.2292 -0.280578 126.17
64.438 -0.286838 127.016
64.6693 -0.279621 127.859
64.9023 -0.293034 128.702
65.0839 -0.305943 129.553
65.2746 -0.327949 130.378
65.4651 -0.342296 131.193
65.6595 -0.359506 132.009
65.8662 -0.363069 132.837
66.1036 -0.391566 133.673
66.3041 -0.408225 134.511
66.4612 -0.399256 135.329
66.6184 -0.387673 136.133
66.8112 -0.372361 136.934
66.9969 -0.358236 137.743
67.1777 -0.370158 138.556
67.362 -0.377965 139.357
67.4849 -0.372939 140.165
67.6693 -0.38131 140.977
67.7949 -0.417718 141.768
67.9652 -0.423598 142.571
68.1572 -0.451632 143.367
68.2726 -0.46894 144.173
68.4496 -0.48521 144.963
68.6193 -0.493624 145.748
68.755 -0.504835 146.547
68.8998 -0.513129 147.35
69.0432 -0.528372 148.156
69.221 -0.521222 148.954
69.3603 -0.511855 149.753
69.4928 -0.503106 150.544
69.6211 -0.503138 151.331
69.7445 -0.501517 152.127
69.8596 -0.515332 152.935
69.9713 -0.519004 153.749
70.0689 -0.528132 154.561
70.1615 -0.52989 155.369
70.265 -0.531251 156.178
70.3558 -0.537772 156.996
70.4188 -0.550433 157.822
70.4734 -0.561535 158.651
70.5338 -0.583332 159.474
70.6084 -0.575881 160.294
70.6683 -0.565413 161.116
70.72 -0.558598 161.935
70.7997 -0.537953 162.749
70.8335 -0.533672 163.566
70.8839 -0.541586 164.4
70.9456 -0.545541 165.238
71.0174 -0.546769 166.071
71.0363 -0.542333 166.895
71.0844 -0.536803 167.709
71.1257 -0.534334 168.527
71.0858 -0.53626 169.354
71.0711 -0.538659 170.188
71.0961 -0.530973 171.024
71.0836 -0.531613 171.865
71.0642 -0.53024 172.708
71.0655 -0.532668 173.545
71.0723 -0.522313 174.374
71.0656 -0.516731 175.207
71.0383 -0.518125 176.059
70.9792 -0.539856 176.918
70.9381 -0.549388 177.773
70.9033 -0.52561 178.617
70.8576 -0.508744 179.454
70.7834 -0.508125 180.29
70.7447 -0.501507 181.137
70.7022 -0.509382 181.994
70.687 -0.518192 182.857
70.6426 -0.517909 183.721
70.5907 -0.512139 184.576
70.5424 -0.513881 185.425
70.4956 -0.516105 186.269
70.4531 -0.523743 187.117
70.405 -0.533458 187.978
70.3681 -0.554732 188.841
70.3022 -0.578513 189.689
70.2537 -0.593054 190.528
70.1812 -0.591444 191.362
70.0953 -0.605016 192.199
70.0217 -0.618156 193.039
69.9628 -0.630594 193.877
69.8951 -0.63521 194.711
69.8241 -0.642267 195.542
69.762 -0.659646 196.366
69.6967 -0.662403 197.178
69.6462 -0.669429 197.992
69.5864 -0.685428 198.697
69.5623 -0.692906 199.405
69.5322 -0.694965 200.112
69.468 -0.694023 200.817
69.3898 -0.695473 201.521
69.3286 -0.707796 202.226
69.2824 -0.716367 202.931
69.228 -0.718155 203.638
69.1738 -0.726972 204.343
69.1237 -0.737613 205.05
69.102 -0.739431 205.757
69.0554 -0.764172 206.462
69.0226 -0.767831 207.17
68.9905 -0.767782 207.876
68.9567 -0.767884 208.583
68.9346 -0.774469 209.296
68.9019 -0.780143 209.944
68.9215 -0.804111 210.591
68.9125 -0.829512 211.238
68.863 -0.850824 211.872
68.8642 -0.857456 212.511
68.8584 -0.864076 213.147
68.8544 -0.859068 213.793
68.8566 -0.868576 214.442
68.849 -0.892165 215.099
68.8419 -0.889513 215.75
68.8477 -0.886447 216.401
68.849 -0.886253 217.054
68.8576 -0.884564 217.715
68.8607 -0.891941 218.392
68.8486 -0.899917 219.078
68.8533 -0.912004 219.77
68.8377 -0.91914 220.464
68.8195 -0.905026 221.145
68.796 -0.884874 221.816
68.7879 -0.866931 222.47
68.7867 -0.853474 223.125
68.7823 -0.850179 223.806
68.7871 -0.841527 224.493
68.7746 -0.837024 225.174
68.7691 -0.837934 225.856
68.736 -0.838685 226.53
68.707 -0.842738 227.216
68.6888 -0.844362 227.902
68.7003 -0.853613 228.593
68.6775 -0.873947 229.276
68.6443 -0.872106 229.957
68.6199 -0.869072 230.628
68.5891 -0.853783 231.295
68.5599 -0.853815 231.956
68.541 -0.85993 232.615
68.5156 -0.873785 233.272
68.4874 -0.892926 233.921
68.4762 -0.878712 234.543
68.4639 -0.882634 235.153
68.4492 -0.896527 235.751
68.4509 -0.91375 236.322
68.4436 -0.919428 236.87
68.4063 -0.926415 237.4
68.3583 -0.92655 237.92
68.3138 -0.92786 238.435
68.2585 -0.936317 238.941
68.1923 -0.929739 239.449
68.0832 -0.930761 239.945
67.9779 -0.938962 240.425
67.8758 -0.944421 240.906
67.7543 -0.963702 241.356
67.6628 -0.952918 241.825
67.4737 -0.941573 242.262
67.2582 -0.931563 242.655
67.0386 -0.899435 243.059
66.8399 -0.892007 243.469
66.603 -0.878718 243.823
66.3398 -0.854838 244.176
66.0442 -0.839431 244.506
65.7039 -0.823368 244.76
65.3556 -0.808542 245.024
65.0057 -0.776559 245.269
64.645 -0.771367 245.465
64.27 -0.737488 245.643
63.9076 -0.710664 245.835
63.5462 -0.677029 246.007
63.1735 -0.63771 246.176
62.7765 -0.636383 246.32
62.3465 -0.639294 246.4
61.9057 -0.617787 246.492
61.445 -0.594784 246.558
60.9752 -0.602381 246.574
60.5006 -0.568612 246.659
60.0029 -0.550014 246.653
59.5047 -0.551164 246.594
58.9912 -0.521115 246.567
58.4706 -0.51882 246.489
57.9343 -0.487132 246.5
57.3862 -0.460034 246.444
56.8211 -0.436691 246.441
56.2433 -0.394026 246.41
55.6473 -0.359514 246.378
55.0346 -0.311888 246.334
54.4035 -0.254833 246.303
53.7586 -0.188968 246.4
53.0887 -0.137887 246.344
52.4055 -0.0915534 246.302
51.7158 -0.0460151 246.255
51.0068 0.00031769 246.2
50.2675 0.0476318 246.157
49.5124 0.103104 246.095
48.7279 0.144782 246.033
47.9285 0.190841 245.998
47.1175 0.230446 245.978
46.2855 0.29138 245.932
45.443 0.340564 245.896
44.5761 0.374385 245.854
43.7106 0.412055 245.822
42.8439 0.456238 245.762
41.9841 0.508887 245.722
41.1248 0.556241 245.652
40.2574 0.571346 245.61
39.3808 0.609969 245.563
38.5113 0.623919 245.528
37.6443 0.64235 245.439
36.7719 0.668862 245.39
35.8964 0.684369 245.338
35.034 0.715308 245.237
34.1656 0.735647 245.152
33.3017 0.751551 245.051
32.4145 0.778794 245.009
31.5448 0.801193 244.952
30.6661 0.823717 244.872
29.798 0.864019 244.771
28.9319 0.899726 244.702
28.068 0.931845 244.653
27.208 0.973049 244.581
26.3509 1.00586 244.503
25.5036 1.03445 244.431
24.6518 1.05754 244.402
23.8154 1.07409 244.321
22.9728 1.09277 244.268
22.1391 1.11804 244.251
21.3042 1.12087 244.185
20.4812 1.1247 244.075
19.6555 1.13288 244.028
18.8377 1.16776 243.976
18.0279 1.19771 243.924
17.2197 1.22694 243.871
16.4178 1.24743 243.782
15.6135 1.28214 243.686
14.815 1.30623 243.602
14.0192 1.33209 243.503
13.2283 1.3438 243.405
12.4439 1.36146 243.314
11.666 1.40042 243.216
10.8974 1.4328 243.118
10.1382 1.46836 243.02
9.39019 1.50141 242.919
8.64848 1.54874 242.845
7.91872 1.5941 242.839
7.22275 1.62988 242.682
6.52862 1.6784 242.615
5.84927 1.71775 242.536
5.18572 1.7544 242.445
4.5318 1.79226 242.38
3.89762 1.83783 242.314
3.27448 1.88108 242.254
2.67187 1.92162 242.16
2.08089 1.94207 242.065
1.50781 1.9561 241.955
0.943478 1.97982 241.9
0.395864 2.00931 241.895
-0.131205 2.04493 241.864
-0.64176 2.06671 241.799
-1.13507 2.10031 241.763
-1.61144 2.12248 241.705
-2.07316 2.15442 241.687
-2.52312 2.17277 241.68
-2.95208 2.19946 241.663
-3.36435 2.21415 241.649
-3.76078 2.24661 241.64
-4.13514 2.28262 241.603
-4.49219 2.31778 241.609
-4.83304 2.36837 241.599
-5.15749 2.3693 241.584
-5.45688 2.37955 241.614
-5.73657 2.38058 241.609
-5.98804 2.39276 241.631
-6.2153 2.4122 241.625
-6.40977 2.4186 241.631
-6.40977 2.4186 241.631
-6.55725 2.43108 241.629
-6.55725 2.43108 241.629
-6.55725 2.43108 241.629
-6.55725 2.43108 241.629
-6.55725 2.43108 241.629
-6.55725 2.43108 241.629
-6.55725 2.43108 241.629
-6.55725 2.43108 241.629
-6.55725 2.43108 241.629
-6.55725 2.43108 241.629
-6.55725 2.43108 241.629
-6.55725 2.43108 241.629
-6.55725 2.43108 241.629
-6.55725 2.43108 241.629
-6.55725 2.43108 241.629
-6.55725 2.43108 241.629
-6.55725 2.43108 241.629
-6.55725 2.43108 241.629
-6.55725 2.43108 241.629
-6.55725 2.43108 241.629
-6.55725 2.43108 241.629
-6.55725 2.43108 241.629
-6.55725 2.43108 241.629
-6.55725 2.43108 241.629
-6.55725 2.43108 241.629
-6.55725 2.43108 241.629
-6.55725 2.43108 241.629
-6.55725 2.43108 241.629
-6.67467 2.44471 241.611
-6.67467 2.44471 241.611
-6.83278 2.44637 241.615
-7.00793 2.46318 241.644
-7.20045 2.478 241.67
-7.408 2.50569 241.671
-7.62512 2.51555 241.726
-7.86444 2.53321 241.752
-8.11572 2.53274 241.787
-8.37202 2.55416 241.824
-8.63339 2.57597 241.873
-8.89785 2.59445 241.776
-9.09042 2.59932 241.998
-9.35957 2.60836 242.122
-9.52104 2.64819 242.394
-9.81724 2.66683 242.51
-10.1231 2.67026 242.658
-10.4377 2.68341 242.807
-10.7167 2.69547 242.998
-11.0156 2.71499 243.209
-11.3458 2.76007 243.384
-11.6022 2.77037 243.624
-11.8758 2.77801 243.905
-12.122 2.81929 244.174
-12.3819 2.84592 244.508
-12.5963 2.87418 244.895
-12.792 2.90253 245.258
-13.0164 2.92199 245.676
-13.2875 2.95082 246.078
-13.4888 2.9802 246.496
-13.6284 3.02301 246.984
-13.6056 3.03235 247.49
-13.6622 3.05625 248.04
-13.776 3.07459 248.6
-13.9078 3.09296 249.157
-14.0101 3.11221 249.76
-14.1172 3.12405 250.36
-14.1843 3.14253 250.987
-14.2839 3.16347 251.632
-14.378 3.1789 252.292
-14.4607 3.21276 252.968
-14.5375 3.26445 253.66
-14.6243 3.27471 254.369
-14.718 3.29925 255.091
-14.7966 3.32526 255.833
-14.8986 3.34574 256.591
-14.9803 3.3633 257.37
-15.055 3.3889 258.161
-15.1295 3.40755 258.966
-15.2944 3.40946 259.773
-15.4212 3.4252 260.594
-15.5379 3.46202 261.435
-15.6442 3.48106 262.294
-15.7083 3.50055 263.176
-15.8479 3.49678 264.06
-15.9538 3.51928 264.96
-16.0138 3.5407 265.87
-16.1293 3.56222 266.782
-16.2299 3.59808 267.708
-16.3684 3.5998 268.643
-16.4332 3.62176 269.605
-16.5909 3.62906 270.567
-16.7262 3.63569 271.546
-16.872 3.64317 272.541
-16.9812 3.65735 273.544
-17.112 3.69379 274.543
-17.2045 3.73807 275.552
-17.3169 3.76877 276.567
-17.4474 3.76252 277.591
-17.5761 3.79929 278.621
-17.7076 3.82573 279.662
-17.8274 3.83962 280.709
-17.954 3.85306 281.754
-18.101 3.90582 282.792
-18.1826 3.93226 283.841
-18.2911 3.9652 284.895
-18.4481 3.95614 285.949
-18.5969 3.95423 287.006
-18.7442 3.96707 288.063
-18.8797 3.98847 289.116
-18.9905 4.00607 290.167
-19.0572 4.01786 291.214
-19.2132 4.04932 292.249
-19.3305 4.08216 293.282
-19.4476 4.08853 294.315
-19.5673 4.10721 295.345
-19.7096 4.13484 296.372
-19.8218 4.11629 297.4
-19.946 4.14556 298.421
-20.0923 4.16534 299.438
-20.2412 4.17923 300.454
-20.367 4.20522 301.478
-20.5099 4.23679 302.497
-20.6318 4.27492 303.511
-20.7837 4.3154 304.52
-20.895 4.35065 305.537
-21.0339 4.36883 306.55
-21.1713 4.39339 307.565
-21.2876 4.4032 308.581
-21.47 4.43743 309.596
-21.6275 4.46573 310.614
-21.8003 4.47958 311.632
-21.9272 4.50886 312.66
-22.0705 4.53371 313.689
-22.2114 4.56023 314.726
-22.3126 4.57188 315.77
-22.4701 4.60879 316.812
-22.616 4.64698 317.863
-22.7433 4.66401 318.919
-22.7916 4.69138 319.981
-22.9053 4.73454 321.049
-23.0715 4.75095 322.117
-23.2067 4.77153 323.192
-23.3174 4.80974 324.272
-23.4446 4.84885 325.349
-23.5874 4.89824 326.422
-23.7494 4.9456 327.487
-23.8696 4.97399 328.554
-24.0077 5.00776 329.616
-24.1368 5.03345 330.678
-24.2757 5.04605 331.74
-24.3968 5.08064 332.806
-24.5244 5.10737 333.87
-24.6209 5.14646 334.934
-24.7478 5.18119 335.984
-24.852 5.21508 337.032
-24.9458 5.21841 338.081
-25.0703 5.23662 339.111
-25.2187 5.26808 340.132
-25.3652 5.28935 341.141
-25.5252 5.32633 342.14
-25.6672 5.3537 343.131
-25.8405 5.38702 344.11
-25.9734 5.41831 345.087
-26.0847 5.44759 346.057
-26.224 5.47527 347.011
-26.3253 5.50071 347.957
-26.4553 5.5217 348.891
-26.5675 5.56739 349.814
-26.7017 5.58726 350.722
-26.8053 5.61998 351.615
-26.922 5.64099 352.49
-27.0476 5.65519 353.352
-27.1474 5.67408 354.199
-27.2137 5.69979 355.03
-27.3235 5.73164 355.834
-27.4923 5.73551 356.605
-27.5772 5.75026 357.376
-27.705 5.76309 358.111
-27.8191 5.7755 358.826
-27.8964 5.78694 359.519
-27.9706 5.80928 360.185
-28.014 5.84092 360.828
-28.0869 5.85277 361.451
-28.1455 5.8688 362.054
-28.2015 5.86414 362.64
-28.2677 5.86365 363.2
-28.3218 5.87031 363.74
-28.3872 5.88796 364.247
-28.4648 5.90849 364.732
-28.5256 5.91812 365.201
-28.5878 5.92999 365.657
-28.6657 5.9344 366.101
-28.7249 5.94543 366.536
-28.8126 5.94871 366.972
-28.9516 5.9647 367.395
-29.1164 5.94674 367.79
-29.23 5.96504 368.218
-29.3557 5.98045 368.644
-29.5235 5.98101 369.017
-29.6785 6.00374 369.424
-29.8831 6.02122 369.811
-30.2288 6.0453 369.996
-30.4481 6.07536 370.37
-30.7055 6.12264 370.731
-30.978 6.12801 371.031
-31.3321 6.14907 371.337
-31.7299 6.18302 371.597
-32.0343 6.21016 371.904
-32.4138 6.26193 372.214
-32.763 6.28973 372.506
-33.193 6.34691 372.757
-33.6503 6.40213 372.974
-34.0946 6.42903 373.145
-34.5877 6.46676 373.299
-35.0952 6.4901 373.411
-35.6057 6.46788 373.399
-36.1374 6.47516 373.521
-36.6963 6.48698 373.535
-37.2427 6.50185 373.392
-37.8083 6.47886 373.305
-38.3883 6.51302 373.25
-38.9839 6.54608 373.166
-39.5936 6.58885 373.126
-40.2062 6.6298 373.047
-40.8179 6.70601 372.984
-41.4242 6.75355 372.854
-42.042 6.85158 372.756
-42.6785 6.94205 372.646
-43.3376 7.01779 372.541
-44.014 7.07511 372.449
-44.6961 7.13549 372.356
-45.3897 7.20701 372.269
-46.0962 7.27106 372.188
-46.8142 7.33586 372.102
-47.5432 7.41673 372.004
-48.2886 7.50134 371.922
-49.0548 7.59311 371.841
-49.8378 7.685 371.76
-50.6305 7.77613 371.661
-51.444 7.86308 371.584
-52.2664 7.96511 371.497
-53.1081 8.09225 371.419
-53.9745 8.20437 371.363
-54.8488 8.3025 371.27
-55.7358 8.40545 371.222
-56.6226 8.50093 371.115
-57.5109 8.60899 371.011
-58.4089 8.71162 370.946
-59.3114 8.82514 370.874
-60.2208 8.90723 370.784
-61.1331 8.99407 370.67
-62.0506 9.09414 370.595
-62.9647 9.18613 370.535
-63.8762 9.28894 370.476
-64.7892 9.38286 370.415
-65.698 9.46939 370.348
-66.6087 9.55078 370.286
-67.5089 9.65221 370.22
-68.415 9.75582 370.225
-69.3142 9.87825 370.148
-70.2123 9.98059 370.035
-71.1179 10.0519 369.938
-72.0158 10.1481 369.871
-72.9119 10.2277 369.772
-73.7957 10.336 369.656
-74.683 10.4336 369.559
-75.5638 10.5379 369.432
-76.4503 10.6519 369.353
-77.335 10.7406 369.22
-78.2232 10.8427 369.142
-79.0988 10.9349 369.02
-79.9747 11.0436 368.923
-80.8502 11.1574 368.811
-81.7289 11.2674 368.732
-82.6069 11.3708 368.646
-83.4775 11.4789 368.541
-84.3538 11.5858 368.498
-85.2181 11.7003 368.415
-86.0864 11.8027 368.373
-86.9507 11.9126 368.311
-87.8121 12.0215 368.264
-88.6705 12.129 368.229
-89.53 12.241 368.17
-90.3871 12.3618 368.125
-91.2435 12.4835 368.107
-92.0998 12.5875 368.065
-92.9492 12.7046 368.052
-93.7887 12.8185 368.067
-94.6094 12.9254 368.07
-95.4126 13.0285 368.056
-96.1994 13.1292 368.027
-96.9664 13.2023 368.04
-97.7132 13.2834 368.023
-98.4353 13.3827 368.033
-99.1367 13.4749 368.016
-99.8113 13.524 367.91
-100.465 13.5935 367.899
-101.094 13.6608 367.887
-101.704 13.7317 367.884
-102.293 13.7971 367.838
-102.887 13.8606 367.82
-103.475 13.921 367.767
-104.061 13.9532 367.682
-104.644 14.0273 367.647
-105.226 14.0782 367.614
-105.795 14.1146 367.506
-106.365 14.1917 367.439
-106.94 14.2552 367.416
-107.513 14.3282 367.383
-108.091 14.3847 367.314
-108.676 14.4603 367.272
-109.262 14.538 367.193
-109.862 14.6069 367.138
-110.468 14.6692 367.088
-111.075 14.75 367.019
-111.688 14.8433 366.963
-112.309 14.924 366.88
-112.94 15.009 366.803
-113.584 15.0896 366.718
-114.238 15.1722 366.602
-114.902 15.2358 366.474
-115.587 15.3202 366.336
-116.29 15.4094 366.239
-117.002 15.5001 366.154
-117.71 15.5618 366.003
-118.429 15.6497 365.902
-119.168 15.7851 365.81
-119.946 15.905 365.708
-120.751 15.9787 365.606
-121.56 16.0773 365.534
-122.363 16.1896 365.445
-123.172 16.2998 365.33
-124.003 16.4342 365.253
-124.86 16.5558 365.145
-125.744 16.6934 365.077
-126.638 16.8142 364.995
-127.528 16.9587 364.935
-128.426 17.0992 364.858
-129.342 17.2096 364.759
-130.283 17.3576 364.717
-131.247 17.4988 364.732
-132.214 17.6416 364.681
-133.183 17.7632 364.649
-134.152 17.877 364.595
-135.126 17.9972 364.528
-136.109 18.1313 364.508
-137.096 18.2617 364.483
-138.081 18.3939 364.525
-139.072 18.5143 364.477
-140.066 18.621 364.42
-141.057 18.7382 364.372
-142.038 18.8628 364.354
-143.015 18.9867 364.305
-143.997 19.1 364.263
-144.983 19.2271 364.225
-145.967 19.3234 364.131
-146.946 19.4042 364.082
-147.915 19.4794 364.026
-148.876 19.5847 363.957
-149.832 19.7015 363.832
-150.791 19.8156 363.76
-151.755 19.9315 363.733
-152.718 20.038 363.668
-153.678 20.1379 363.581
-154.639 20.2463 363.517
-155.59 20.3576 363.465
-156.532 20.4622 363.386
-157.472 20.5773 363.29
-158.416 20.7137 363.248
-159.365 20.8216 363.166
-160.311 20.9227 363.081
-161.252 21.0275 363.002
-162.191 21.127 362.917
-163.125 21.2261 362.842
-164.051 21.3303 362.76
-164.979 21.4246 362.687
-165.893 21.5574 362.576
-166.806 21.6561 362.469
-167.715 21.754 362.36
-168.624 21.8531 362.254
-169.534 21.9389 362.157
-170.446 22.028 362.103
-171.341 22.1324 362.033
-172.226 22.2157 361.951
-173.1 22.308 361.869
-173.961 22.4062 361.819
-174.808 22.4937 361.741
-175.645 22.5854 361.667
-176.466 22.668 361.58
-177.262 22.7271 361.511
-178.033 22.8112 361.455
-178.784 22.8894 361.38
-179.527 22.9799 361.335
-180.258 23.0426 361.281
-180.956 23.0953 361.214
-181.629 23.1461 361.161
-182.274 23.1933 361.096
-182.899 23.2435 361.006
-183.508 23.2885 360.902
-184.117 23.3467 360.878
-184.705 23.4218 360.83
-185.279 23.4411 360.722
-185.841 23.4853 360.675
-186.389 23.5399 360.588
-186.928 23.5858 360.501
-187.461 23.6384 360.431
-187.986 23.6877 360.315
-188.512 23.7259 360.28
-189.025 23.774 360.139
-189.518 23.8126 359.949
-190.01 23.858 359.781
-190.481 23.8942 359.562
-190.946 23.9478 359.341
-191.396 23.9789 359.091
-191.805 24.0231 358.79
-192.197 24.0574 358.476
-192.613 24.1051 358.158
-192.971 24.1347 357.801
-193.314 24.1461 357.43
-193.651 24.2068 356.998
-193.951 24.2729 356.582
-194.188 24.2987 356.059
-194.366 24.3478 355.568
-194.53 24.372 355.062
-194.71 24.4083 354.488
-194.813 24.4435 353.946
-194.954 24.4911 353.399
-195.056 24.5316 352.79
-195.152 24.5797 352.21
-195.203 24.6208 351.59
-195.232 24.671 350.972
-195.268 24.7214 350.337
-195.295 24.7729 349.694
-195.333 24.8291 349.05
-195.342 24.8774 348.391
-195.334 24.9475 347.729
-195.309 25.0248 347.052
-195.256 25.0906 346.358
-195.208 25.1635 345.652
-195.156 25.2418 344.937
-195.102 25.3183 344.207
-195.04 25.3951 343.465
-194.978 25.4825 342.713
-194.922 25.5706 341.943
-194.845 25.671 341.164
-194.762 25.7483 340.366
-194.69 25.8239 339.555
-194.571 25.8914 338.737
-194.47 25.9769 337.915
-194.365 26.052 337.079
-194.278 26.1426 336.231
-194.177 26.2449 335.369
-194.047 26.3383 334.495
-193.945 26.4244 333.604
-193.853 26.5208 332.705
-193.768 26.6122 331.801
-193.644 26.7124 330.891
-193.551 26.8062 329.975
-193.454 26.8968 329.05
-193.324 26.9985 328.13
-193.229 27.0798 327.2
-193.118 27.1486 326.271
-193.011 27.2217 325.351
-192.91 27.2897 324.432
-192.836 27.3773 323.502
-192.732 27.4605 322.582
-192.652 27.5384 321.646
-192.575 27.6237 320.718
-192.507 27.6983 319.786
-192.406 27.7624 318.857
-192.276 27.8573 317.929
-192.186 27.9389 316.995
-192.108 28.0729 316.058
-192.003 28.1439 315.115
-191.935 28.2159 314.167
-191.868 28.2989 313.214
-191.742 28.3913 312.274
-191.69 28.4697 311.322
-191.622 28.5758 310.366
-191.566 28.6606 309.405
-191.505 28.7266 308.448
-191.426 28.7974 307.5
-191.334 28.8722 306.562
-191.272 28.9613 305.619
-191.15 29.0332 304.681
-191.091 29.1313 303.734
-191.03 29.2077 302.791
-190.967 29.2871 301.853
-190.876 29.3656 300.922
-190.748 29.4422 299.99
-190.695 29.526 299.059
-190.638 29.6034 298.13
-190.572 29.6659 297.206
-190.506 29.76 296.288
-190.415 29.8396 295.364
-190.364 29.9176 294.435
-190.335 29.98 293.511
-190.291 30.0526 292.597
-190.25 30.1351 291.681
-190.218 30.2164 290.759
-190.158 30.3023 289.841
-190.107 30.3846 288.929
-190.031 30.4622 288.011
-189.989 30.5544 287.095
-189.899 30.6379 286.166
-189.815 30.7193 285.236
-189.752 30.7874 284.299
-189.702 30.8727 283.368
-189.637 30.9583 282.439
-189.569 31.0548 281.501
-189.519 31.1506 280.55
-189.461 31.2371 279.593
-189.395 31.3232 278.636
-189.332 31.3903 277.678
-189.271 31.469 276.724
-189.212 31.5949 275.769
-189.141 31.6886 274.8
-189.069 31.7869 273.829
-189.006 31.8509 272.846
-188.939 31.9355 271.878
-188.845 31.9971 270.909
-188.829 32.0915 269.937
-188.817 32.2044 268.961
-188.76 32.2793 267.988
-188.689 32.3658 267.009
-188.615 32.4504 266.032
-188.573 32.5329 265.057
-188.516 32.6293 264.091
-188.434 32.7317 263.123
-188.385 32.8251 262.134
-188.308 32.9068 261.146
-188.221 33.0023 260.153
-188.148 33.0727 259.173
-188.114 33.1582 258.185
-188 33.2901 257.22
-187.943 33.4161 256.241
-187.835 33.5366 255.258
-187.74 33.6428 254.251
-187.663 33.754 253.244
-187.557 33.8248 252.241
-187.498 33.913 251.246
-187.381 33.9907 250.263
-187.295 34.0807 249.279
-187.241 34.184 248.294
-187.191 34.2876 247.313
-187.108 34.3912 246.336
-187.026 34.5036 245.361
-186.925 34.6085 244.385
-186.857 34.7069 243.414
-186.828 34.8253 242.451
-186.758 34.9159 241.493
-186.69 35.0141 240.542
-186.632 35.1106 239.592
-186.561 35.1997 238.651
-186.499 35.274 237.718
-186.452 35.3552 236.8
-186.369 35.4306 235.902
-186.342 35.5104 235.015
-186.365 35.5993 234.139
-186.303 35.6804 233.277
-186.211 35.754 232.434
-186.142 35.8388 231.603
-186.116 35.9434 230.773
-186.047 35.9978 229.952
-185.943 36.0608 229.153
-185.873 36.1294 228.368
-185.798 36.2169 227.605
-185.772 36.2841 226.853
-185.749 36.3488 226.121
-185.712 36.4007 225.409
-185.677 36.4691 224.721
-185.634 36.5095 224.052
-185.66 36.5725 223.404
-185.64 36.6292 222.779
-185.658 36.6985 222.177
-185.639 36.7535 221.592
-185.633 36.8167 221.031
-185.616 36.8678 220.491
-185.6 36.9158 219.972
-185.569 36.9605 219.481
-185.539 37.0019 219.014
-185.507 37.0465 218.56
-185.448 37.076 218.116
-185.394 37.1255 217.681
-185.32 37.1689 217.237
-185.232 37.2289 216.818
-185.119 37.2737 216.383
-184.989 37.3127 215.985
-184.828 37.3373 215.603
-184.671 37.3678 215.191
-184.469 37.4169 214.838
-184.246 37.4534 214.475
-184.007 37.5013 214.079
-183.753 37.545 213.742
-183.499 37.591 213.395
-183.163 37.6376 213.044
-182.856 37.6778 212.703
-182.515 37.7255 212.386
-182.09 37.7877 212.094
-181.681 37.8181 211.806
-181.249 37.8563 211.519
-180.745 37.9141 211.22
-180.246 37.976 210.971
-179.703 38.0434 210.731
-179.162 38.1036 210.512
-178.588 38.1621 210.332
-177.954 38.2359 210.175
-177.325 38.3007 210.03
-176.672 38.3478 209.915
-175.988 38.3977 209.821
-175.307 38.4544 209.75
-174.609 38.5121 209.676
-173.911 38.5787 209.64
-173.196 38.6419 209.608
-172.473 38.6937 209.571
-171.739 38.7267 209.561
-171.003 38.7848 209.559
-170.26 38.8438 209.551
-169.514 38.8938 209.551
-168.754 38.954 209.54
-167.977 39.0205 209.525
-167.186 39.0734 209.515
-166.376 39.1206 209.507
-165.567 39.1721 209.498
-164.758 39.2425 209.485
-163.943 39.3134 209.473
-163.11 39.3847 209.494
-162.274 39.4593 209.499
-161.433 39.5263 209.504
-160.583 39.606 209.506
-159.712 39.6685 209.533
-158.834 39.7389 209.574
-157.943 39.8177 209.595
-157.047 39.8922 209.62
-156.155 39.9711 209.629
-155.267 40.0523 209.636
-154.373 40.1405 209.652
-153.474 40.2303 209.667
-152.573 40.3102 209.685
-151.67 40.388 209.714
-150.768 40.4741 209.745
-149.866 40.5363 209.789
-148.966 40.61 209.822
-148.072 40.6959 209.872
-147.184 40.778 209.969
-146.287 40.8505 210.037
-145.389 40.9166 210.109
-144.49 40.9778 210.165
-143.603 41.0384 210.246
-142.716 41.0947 210.318
-141.829 41.1612 210.408
-140.945 41.2068 210.497
-140.072 41.2461 210.595
-139.205 41.2947 210.671
-138.348 41.3355 210.724
-137.504 41.39 210.818
-136.666 41.4271 210.889
-135.838 41.4571 210.936
-135.016 41.5083 210.987
-134.213 41.5454 211.027
-133.429 41.5761 211.088
-132.666 41.6055 211.143
-131.919 41.6382 211.177
-131.199 41.6558 211.215
-130.499 41.6977 211.223
-129.821 41.7561 211.252
-129.169 41.7967 211.266
-128.539 41.8344 211.282
-127.917 41.8679 211.288
-127.305 41.9038 211.286
-126.699 41.9262 211.291
-126.095 41.9554 211.293
-125.494 41.9801 211.296
-124.894 42.0174 211.291
-124.294 42.0354 211.278
-123.691 42.0644 211.283
-123.093 42.0835 211.247
-122.504 42.1037 211.213
-121.912 42.1384 211.192
-121.322 42.1769 211.2
-120.744 42.1926 211.206
-120.17 42.2154 211.22
-119.598 42.2389 211.24
-119.035 42.2831 211.232
-118.465 42.3344 211.26
-117.895 42.3716 211.308
-117.327 42.4185 211.33
-116.766 42.4558 211.378
-116.204 42.4952 211.414
-115.641 42.5259 211.411
-115.094 42.6038 211.525
-114.552 42.6413 211.671
-114.015 42.6822 211.814
-113.501 42.7191 212.011
-112.99 42.7514 212.205
-112.504 42.7902 212.452
-112.034 42.8402 212.724
-111.569 42.8699 213
-111.144 42.9067 213.317
-110.717 42.9557 213.652
-110.307 42.9971 214.008
-109.92 43.0509 214.374
-109.544 43.0896 214.774
-109.208 43.1366 215.2
-108.921 43.1821 215.636
-108.616 43.237 216.074
-108.304 43.3164 216.478
-108.081 43.3445 216.965
-107.816 43.3877 217.428
-107.601 43.4249 217.899
-107.411 43.4578 218.394
-107.264 43.5067 218.918
-107.169 43.571 219.444
-107.072 43.6084 219.971
-106.955 43.6548 220.493
-106.859 43.7054 221.01
-106.728 43.7524 221.516
-106.648 43.7886 222.018
-106.516 43.8327 222.521
-106.421 43.868 223.024
-106.292 43.9087 223.514
-106.14 43.9616 223.991
-106.009 44.0084 224.467
-105.844 44.052 224.929
-105.69 44.1001 225.391
-105.513 44.1485 225.831
-105.331 44.1866 226.265
-105.11 44.2196 226.634
-104.861 44.2769 226.968
-104.65 44.3223 227.285
-104.427 44.3637 227.609
-104.245 44.4136 227.958
-104.002 44.465 228.238
-103.729 44.5085 228.514
-103.436 44.5543 228.743
-103.152 44.5858 228.978
-102.867 44.6272 229.175
-102.578 44.6526 229.352
-102.287 44.7084 229.525
-101.983 44.7365 229.686
-101.66 44.767 229.833
-101.319 44.8133 229.942
-100.966 44.852 230.045
-100.596 44.8892 230.13
-100.216 44.9311 230.218
-99.8157 44.9853 230.262
-99.4094 45.0371 230.325
-98.9871 45.0977 230.371
-98.5552 45.175 230.425
-98.1024 45.2361 230.461
-97.6357 45.2984 230.511
-97.152 45.3529 230.588
-96.6491 45.4145 230.642
-96.1257 45.4671 230.683
-95.5889 45.5435 230.731
-95.0252 45.6127 230.735
-94.4491 45.6908 230.755
-93.8282 45.7555 230.793
-93.2017 45.8328 230.79
-92.5568 45.9127 230.823
-91.897 46.0149 230.859
-91.2212 46.0942 230.878
-90.5291 46.1759 230.904
-89.8269 46.2618 230.933
-89.0924 46.3505 230.979
-88.3528 46.4198 231.007
-87.6044 46.5134 231
-86.8384 46.5903 231.042
-86.0522 46.6862 231.054
-85.2573 46.7837 231.067
-84.459 46.8677 231.06
-83.6656 46.9766 231.082
-82.8597 47.0677 231.068
-82.0458 47.1654 231.089
-81.2252 47.2504 231.072
-80.3955 47.3498 231.073
-79.5645 47.4457 231.059
-78.724 47.5413 231.084
-77.8785 47.6351 231.1
-77.0203 47.7432 231.126
-76.1552 47.8475 231.139
-75.2844 47.9531 231.135
-74.4098 48.0511 231.145
-73.5295 48.1486 231.169
-72.6406 48.2688 231.158
-71.755 48.3787 231.179
-70.8587 48.486 231.196
-69.975 48.6056 231.21
-69.0873 48.7139 231.238
-68.2054 48.8309 231.26
-67.3162 48.9428 231.324
-66.4243 49.0417 231.341
-65.5285 49.1229 231.395
-64.6493 49.2114 231.412
-63.782 49.2987 231.424
-62.9263 49.3921 231.463
-62.0809 49.4842 231.479
-61.2329 49.5803 231.486
-60.3836 49.6689 231.511
-59.5388 49.7658 231.53
-58.6989 49.8514 231.534
-57.8659 49.9465 231.533
-57.0424 50.0628 231.551
-56.2098 50.1607 231.563
-55.3814 50.2529 231.62
-54.5565 50.3418 231.651
-53.7392 50.4441 231.656
-52.933 50.5477 231.713
-52.1297 50.6445 231.773
-51.3246 50.7501 231.78
-50.5199 50.8461 231.803
-49.7229 50.9415 231.827
-48.9403 51.0354 231.878
-48.1683 51.1261 231.928
-47.4094 51.2135 231.927
-46.6666 51.2977 231.915
-45.9429 51.387 231.951
-45.2353 51.4671 231.99
-44.5397 51.5425 232.008
-43.8476 51.616 232.025
-43.16 51.6919 232.069
-42.4739 51.7635 232.109
-41.7882 51.821 232.161
-41.1051 51.8909 232.2
-40.4284 51.9627 232.206
-39.7581 52.0254 232.221
-39.0999 52.0856 232.249
-38.4568 52.1393 232.265
-37.8346 52.1952 232.3
-37.2279 52.236 232.302
-36.6475 52.3254 232.394
-36.0764 52.3844 232.402
-35.5279 52.4524 232.413
-34.9967 52.5089 232.424
-34.4881 52.5559 232.435
-33.9994 52.6046 232.446
-33.5332 52.6658 232.523
-33.0761 52.713 232.517
-32.6326 52.7618 232.505
-32.2059 52.8034 232.492
-31.7971 52.8504 232.472
-31.403 52.8905 232.456
-31.0263 52.9237 232.421
-30.6645 52.9693 232.383
-30.3153 53.0045 232.353
-29.987 53.0414 232.301
-29.6726 53.0671 232.274
-29.376 53.1123 232.218
-29.0963 53.1376 232.186
-28.8336 53.1627 232.157
-28.6065 53.1973 232.095
-28.3938 53.2215 232.054
-28.1981 53.2386 232.046
-28.0332 53.2591 231.996
-27.8794 53.2848 231.944
-27.7171 53.2958 231.911
-27.5517 53.3029 231.867
-27.3964 53.3272 231.802
-27.2409 53.3455 231.754
-27.0858 53.3679 231.71
-26.9305 53.3796 231.661
-26.7853 53.3934 231.589
-26.6262 53.4097 231.561
-26.4883 53.4474 231.478
-26.3179 53.4672 231.423
-26.1333 53.4988 231.34
-25.9459 53.5324 231.219
-25.7416 53.581 231.084
-25.534 53.6305 230.906
-25.273 53.6708 230.78
-25.0319 53.7341 230.607
-24.7471 53.7544 230.438
-24.4862 53.7958 230.234
-24.1888 53.8407 230.013
-23.9486 53.8991 229.74
-23.688 53.9465 229.471
-23.4332 54.0036 229.143
-23.1962 54.0606 228.819
-22.9654 54.1292 228.484
-22.7457 54.2088 228.08
-22.5342 54.278 227.695
-22.3516 54.3666 227.237
-22.2004 54.4465 226.791
-22.0644 54.5226 226.309
-21.9303 54.6028 225.777
-21.8278 54.6849 225.239
-21.7197 54.7511 224.674
-21.6476 54.8335 224.07
-21.5831 54.9043 223.452
-21.5341 54.9949 222.809
-21.5155 55.0915 222.142
-21.4902 55.1768 221.457
-21.438 55.2654 220.753
-21.4318 55.3705 220.031
-21.3673 55.44 219.281
-21.381 55.5367 218.511
-21.3851 55.6342 217.722
-21.3854 55.7141 216.913
-21.4173 55.8277 216.09
-21.4465 55.9285 215.244
-21.4777 56.0298 214.376
-21.4883 56.1194 213.49
-21.486 56.2239 212.588
-21.4962 56.3068 211.665
-21.5207 56.4176 210.73
-21.526 56.5348 209.774
-21.5565 56.6575 208.806
-21.5627 56.7894 207.82
-21.5363 56.8999 206.819
-21.5409 57.0343 205.805
-21.5846 57.1605 204.779
-21.5473 57.3001 203.738
-21.5163 57.4225 202.684
-21.5287 57.5831 201.621
-21.5329 57.7288 200.542
-21.5327 57.866 199.452
-21.5299 57.9969 198.353
-21.5054 58.1267 197.248
-21.4836 58.2602 196.138
-21.433 58.382 195.018
-21.3961 58.509 193.893
-21.3922 58.6473 192.764
-21.3862 58.8009 191.628
-21.3718 58.9468 190.491
-21.3692 59.0971 189.352
-21.3585 59.2571 188.207
-21.374 59.4065 187.055
-21.341 59.54 185.9
-21.3246 59.6834 184.736
-21.3161 59.8568 183.573
-21.2961 59.9847 182.402
-21.2736 60.1076 181.228
-21.2635 60.2484 180.047
-21.2334 60.3853 178.863
-21.2161 60.5047 177.666
-21.1983 60.6344 176.465
-21.1955 60.744 175.259
-21.1655 60.8794 174.053
-21.1492 60.9902 172.833
-21.1001 61.1084 171.608
-21.0913 61.2658 170.383
-21.1295 61.4228 169.15
-21.1107 61.5569 167.913
-21.0851 61.6657 166.66
-21.0547 61.7652 165.404
-21.0818 61.9116 164.142
-21.0981 62.05 162.88
-21.0935 62.1975 161.615
-21.1163 62.3751 160.345
-21.1326 62.5377 159.071
-21.1373 62.6802 157.789
-21.1331 62.8163 156.496
-21.1317 62.9464 155.201
-21.1202 63.0916 153.911
-21.1026 63.2297 152.619
-21.0983 63.3789 151.326
-21.1108 63.5297 150.029
-21.126 63.6311 148.722
-21.1285 63.7911 147.421
-21.1417 63.9455 146.119
-21.13 64.1031 144.812
-21.1158 64.238 143.506
-21.1351 64.3585 142.176
-21.1375 64.4928 140.859
-21.112 64.6065 139.541
-21.0974 64.7511 138.237
-21.11 64.8851 136.93
-21.1403 65.0175 135.619
-21.1261 65.1503 134.307
-21.1406 65.2972 133.007
-21.1292 65.4462 131.706
-21.1226 65.5817 130.399
-21.0834 65.7148 129.094
-21.0989 65.8465 127.796
-21.0837 65.9677 126.51
-21.0222 66.1025 125.227
-21.0254 66.2462 123.948
-21.011 66.3607 122.658
-21.0061 66.4895 121.387
-21.0002 66.6234 120.124
-20.9981 66.7618 118.883
-20.985 66.8738 117.642
-20.9714 67.0077 116.416
-20.9619 67.1356 115.211
-20.9303 67.2578 114.025
-20.9322 67.3781 112.86
-20.9408 67.4972 111.692
-20.9368 67.6161 110.556
-20.9112 67.7216 109.436
-20.9146 67.8389 108.343
-20.9227 67.9398 107.26
-20.9276 68.0435 106.188
-20.9308 68.1483 105.132
-20.9261 68.2626 104.107
-20.9314 68.3673 103.105
-20.9316 68.4553 102.121
-20.9433 68.5507 101.157
-20.9663 68.651 100.219
-20.9607 68.742 99.3143
-20.9465 68.8303 98.4316
-20.9613 68.9149 97.5743
-20.9704 68.9885 96.7286
-20.9811 69.0598 95.9177
-20.9951 69.1359 95.1271
-21.0107 69.2107 94.3676
-21.0309 69.3098 93.6248
-21.0363 69.3805 92.8954
-21.0359 69.4308 92.1974
-20.9858 69.493 91.5215
-20.9518 69.5549 90.8699
-20.896 69.5882 90.2284
-20.8266 69.6218 89.6089
-20.7247 69.6662 89.0169
-20.5944 69.7233 88.4543
-20.4169 69.7833 87.9042
-20.2564 69.8487 87.3627
-20.1341 69.8746 86.8152
-19.9127 69.9035 86.2913
-19.7053 69.9447 85.7864
-19.5164 69.9891 85.2816
-19.194 70.0184 84.8311
-18.7984 70.0097 84.464
-18.543 70.0544 84.0006
-18.1911 70.0679 83.589
-17.8199 70.079 83.2238
-17.3976 70.1003 82.9018
-16.9604 70.1198 82.5828
-16.5127 70.1222 82.2873
-16.0471 70.1341 82.0011
-15.5635 70.1438 81.7731
-15.0916 70.1366 81.5149
-14.592 70.1351 81.3379
-14.0856 70.133 81.1832
-13.5644 70.1318 81.098
-13.042 70.1424 80.993
-12.5195 70.1525 80.8935
-11.9908 70.1627 80.8042
-11.4549 70.1694 80.7305
-10.9143 70.1842 80.6704
-10.3678 70.2094 80.6204
-9.80927 70.2418 80.5774
-9.23531 70.2444 80.5492
-8.65073 70.2538 80.5167
-8.05638 70.2694 80.4908
-7.45597 70.2912 80.4485
-6.84704 70.3164 80.4063
-6.22324 70.3445 80.3671
-5.58799 70.363 80.3311
-4.93952 70.3808 80.2709
-4.27019 70.4093 80.2534
-3.5945 70.448 80.2117
-2.90143 70.4881 80.161
-2.19616 70.5393 80.1052
-1.47071 70.5815 80.0746
-0.72791 70.627 80.019
0.0293679 70.6986 79.9839
0.803853 70.7731 79.9575
1.59671 70.8291 79.9298
2.39212 70.9137 79.8873
3.21546 70.9735 79.8957
4.04776 71.0398 79.8689
4.89825 71.107 79.85
5.75547 71.1569 79.8843
6.61551 71.2197 79.8959
7.48167 71.2702 79.8694
8.35284 71.275 79.9101
9.22197 71.3146 79.9848
10.0809 71.3561 80.1132
10.9483 71.3879 80.1407
11.8052 71.4256 80.1641
12.6615 71.4542 80.1858
13.5181 71.4668 80.1975
14.371 71.478 80.2307
15.2272 71.4996 80.2383
16.0768 71.5142 80.2329
16.9211 71.5234 80.2043
17.7598 71.5371 80.1716
18.5981 71.5508 80.1112
19.4342 71.564 80.0541
20.2716 71.5887 79.9709
21.1106 71.6139 79.9107
21.948 71.6367 79.8335
22.7851 71.6593 79.7338
23.6231 71.6837 79.6112
24.4738 71.7281 79.5631
25.3312 71.7781 79.5134
26.195 71.8035 79.4257
27.0703 71.8312 79.3473
27.953 71.884 79.2597
28.842 71.9285 79.1666
29.7376 71.9571 79.0885
30.6352 71.986 79.0082
31.5362 71.988 78.9271
32.4311 72.0203 78.8182
33.3278 72.046 78.7251
34.2275 72.0697 78.645
35.1233 72.0608 78.554
36.0149 72.0733 78.4483
36.8975 72.1188 78.3197
37.777 72.1579 78.1764
38.6569 72.126 78.032
39.5303 72.1232 77.8626
40.3963 72.1023 77.6835
41.2472 72.1055 77.4644
42.0827 72.1431 77.2022
42.9091 72.1594 76.9194
43.7356 72.1723 76.6445
44.5589 72.1755 76.3615
45.3853 72.2045 76.0877
46.2004 72.2373 75.762
47.0357 72.2517 75.4523
47.8777 72.2656 75.1407
48.7062 72.2745 74.8039
49.5297 72.2954 74.4682
50.3466 72.3336 74.1253
51.1668 72.3769 73.7782
52.0071 72.4284 73.4505
52.8383 72.4602 73.0742
53.6884 72.5035 72.7281
54.5367 72.5282 72.3739
55.3819 72.5688 71.9983
56.235 72.6054 71.6236
57.0844 72.6527 71.2392
57.926 72.6931 70.8265
58.7928 72.7419 70.4509
59.6521 72.78 70.0533
60.4995 72.843 69.6198
61.3517 72.9265 69.1792
62.2094 72.9871 68.7093
63.0642 73.0344 68.2105
63.9337 73.0863 67.7307
64.8016 73.1509 67.2434
65.6667 73.2028 66.7449
66.5451 73.2452 66.2693
67.4168 73.3031 65.7894
68.2789 73.3647 65.2999
69.1526 73.393 64.8384
70.0096 73.4419 64.3567
70.8819 73.4793 63.9016
71.7408 73.5009 63.4261
72.5811 73.5336 62.9183
73.4214 73.5616 62.4205
74.2379 73.5851 61.8988
75.0495 73.613 61.3794
75.8477 73.6329 60.8447
76.6109 73.6272 60.2706
77.3826 73.6377 59.7183
78.1338 73.6735 59.1433
78.8857 73.6803 58.5685
79.6138 73.7032 57.9761
80.3242 73.7275 57.3623
81.045 73.7391 56.7728
81.7418 73.7626 56.162
82.3968 73.7924 55.5132
83.0747 73.8231 54.9033
83.7434 73.8604 54.2931
84.4032 73.8829 53.6914
85.0474 73.926 53.0958
85.6738 73.9588 52.5063
86.2891 73.9892 51.932
86.9037 74.0179 51.3914
87.5057 74.0441 50.868
88.0996 74.0774 50.3721
88.6665 74.1171 49.8831
89.2049 74.1575 49.3997
89.7425 74.179 48.9505
90.2635 74.2197 48.4997
90.7848 74.2524 48.0553
91.2948 74.3182 47.6096
91.8302 74.3779 47.1986
92.359 74.4326 46.7727
92.8745 74.4842 46.3295
93.4177 74.5184 45.918
93.9168 74.5438 45.4627
94.388 74.5716 44.9871
94.8624 74.6128 44.5235
95.3891 74.6452 44.1108
95.8865 74.6808 43.647
96.4082 74.7264 43.2
96.9258 74.7435 42.7293
97.4415 74.7736 42.2506
97.9709 74.8132 41.7739
98.4912 74.8532 41.2645
99.0312 74.8805 40.7638
99.5892 74.9097 40.2706
100.157 74.9238 39.7827
100.733 74.9578 39.3001
101.313 74.9894 38.7957
101.911 75.0132 38.3032
102.521 75.0286 37.8023
103.154 75.0503 37.3301
103.774 75.0884 36.8288
104.407 75.1078 36.3212
105.062 75.1227 35.81
105.721 75.1466 35.2849
106.392 75.1538 34.7551
107.063 75.1595 34.2203
107.734 75.1697 33.6728
108.421 75.1912 33.126
109.119 75.216 32.5641
109.828 75.222 31.9961
110.536 75.2038 31.4055
111.265 75.2074 30.8305
111.961 75.2211 30.2018
112.716 75.2351 29.623
113.44 75.2444 28.9926
114.197 75.2433 28.3793
114.943 75.2276 27.7581
115.701 75.2071 27.1479
116.461 75.1832 26.5538
117.208 75.1938 25.9434
117.955 75.1886 25.3297
118.7 75.1563 24.7026
119.455 75.1491 24.0845
120.192 75.136 23.4504
120.956 75.1191 22.8573
121.698 75.1078 22.2368
122.463 75.104 21.6523
123.224 75.1043 21.0615
123.987 75.1089 20.4794
124.747 75.088 19.8962
125.493 75.0716 19.2957
126.25 75.0764 18.7229
126.994 75.0694 18.1283
127.723 75.0512 17.5214
128.46 75.0285 16.9313
129.195 75.017 16.3466
129.912 75.0358 15.7467
130.629 75.0217 15.1344
131.351 75.0179 14.5236
132.066 75.0188 13.9087
132.777 75.018 13.3038
133.502 75.0138 12.73
134.216 75.026 12.1606
134.909 75.0369 11.5773
135.606 75.0235 11.0049
136.289 75.0143 10.4377
136.961 74.9805 9.88641
137.606 74.9657 9.34479
138.231 74.9652 8.81463
138.856 75.0019 8.29289
139.473 75.0141 7.77155
140.069 75.0161 7.25401
140.637 75.0124 6.74898
141.175 75.0034 6.2637
141.673 75.0144 5.77663
142.165 75.0136 5.32132
142.644 75.0288 4.87667
143.137 75.0427 4.4737
143.603 75.0244 4.06457
144.06 75.0198 3.66156
144.498 75.0669 3.25445
145.003 75.0653 2.94707
145.457 75.0924 2.56831
145.947 75.116 2.23367
146.456 75.1606 1.9684
146.971 75.1788 1.6994
147.474 75.1947 1.453
147.983 75.2213 1.20247
148.508 75.239 1.00181
149.041 75.2676 0.832965
149.609 75.2983 0.689969
150.18 75.3163 0.549713
150.757 75.3327 0.453201
151.354 75.3403 0.373916
151.95 75.3507 0.291779
152.554 75.3697 0.222094
153.175 75.3761 0.165079
153.801 75.3813 0.126803
154.432 75.3852 0.0868475
155.069 75.3779 0.0700142
155.715 75.3777 0.0612984
156.37 75.379 -0.00603694
157.037 75.3789 -0.0617729
157.71 75.3611 -0.135866
158.384 75.3348 -0.190847
159.056 75.3012 -0.26649
159.731 75.2918 -0.354349
160.419 75.297 -0.418692
161.12 75.3031 -0.490219
161.832 75.3003 -0.573605
162.546 75.279 -0.677488
163.266 75.248 -0.769937
163.983 75.2358 -0.859293
164.706 75.2096 -0.951477
165.438 75.2024 -1.04244
166.178 75.2083 -1.14305
166.923 75.2035 -1.24055
167.679 75.1881 -1.31717
168.429 75.1658 -1.44251
169.184 75.1484 -1.56384
169.944 75.1356 -1.63035
170.711 75.1285 -1.71539
171.477 75.1099 -1.80567
172.239 75.0818 -1.9047
172.999 75.0627 -2.01992
173.761 75.0402 -2.10306
174.522 75.044 -2.21262
175.288 75.0272 -2.30866
176.067 74.9896 -2.38033
176.845 74.9811 -2.49253
177.628 74.9559 -2.56657
178.402 74.9482 -2.70402
179.192 74.9376 -2.79875
179.983 74.9057 -2.90586
180.785 74.8867 -2.99421
181.591 74.8316 -3.12325
182.407 74.8279 -3.21385
183.224 74.8291 -3.36648
184.051 74.8165 -3.49107
184.878 74.8032 -3.62599
185.708 74.7859 -3.76426
186.537 74.7736 -3.88934
187.367 74.7647 -4.0219
188.202 74.7606 -4.16225
189.04 74.7621 -4.30107
189.88 74.7666 -4.42697
190.714 74.7557 -4.58044
191.545 74.7537 -4.70412
192.371 74.749 -4.8015
193.214 74.7539 -4.87788
194.059 74.7442 -5.00641
194.907 74.7227 -5.1292
195.748 74.7098 -5.22205
196.58 74.7029 -5.34152
197.417 74.7391 -5.42642
198.26 74.696 -5.53637
199.115 74.6646 -5.64347
199.964 74.6651 -5.81227
200.82 74.6477 -5.94677
201.665 74.6442 -6.11018
202.515 74.6527 -6.25518
203.365 74.6857 -6.43617
204.236 74.6918 -6.56783
205.117 74.6914 -6.68974
205.999 74.6865 -6.79574
206.88 74.6775 -6.905
207.731 74.7309 -7.15565
208.62 74.7157 -7.25216
209.505 74.6985 -7.38284
210.395 74.6793 -7.48603
211.288 74.6822 -7.59948
212.183 74.6545 -7.72679
213.074 74.6428 -7.84199
213.957 74.6378 -7.97931
214.845 74.6556 -8.12668
215.742 74.6474 -8.27131
216.648 74.6338 -8.34328
217.545 74.6127 -8.47543
218.436 74.6044 -8.56778
219.318 74.5686 -8.7038
220.204 74.5462 -8.81412
221.077 74.5495 -8.99092
221.963 74.5398 -9.12364
222.846 74.5155 -9.25822
223.728 74.4521 -9.30201
224.6 74.4548 -9.37149
225.47 74.4618 -9.44293
226.344 74.4586 -9.54525
227.216 74.4788 -9.6523
228.075 74.4469 -9.77162
228.923 74.4714 -9.86546
229.77 74.489 -9.98182
230.623 74.4801 -10.0986
231.477 74.4783 -10.1917
232.321 74.502 -10.2849
233.14 74.5036 -10.4412
233.958 74.504 -10.5347
234.76 74.5242 -10.6501
235.558 74.5225 -10.7435
236.342 74.5311 -10.8512
237.115 74.5357 -10.9626
237.873 74.5354 -11.0693
238.612 74.527 -11.1462
239.333 74.5309 -11.2284
240.045 74.5453 -11.3181
240.751 74.5617 -11.3778
241.449 74.571 -11.4791
242.129 74.5803 -11.5691
242.691 74.5907 -11.6711
243.256 74.5987 -11.7618
243.824 74.6042 -11.8265
244.385 74.5987 -11.9279
244.949 74.605 -12.0202
245.51 74.6146 -12.1239
246.069 74.6302 -12.2381
246.622 74.6474 -12.3739
247.177 74.6593 -12.5041
247.73 74.6749 -12.6383
248.281 74.6939 -12.7877
248.83 74.7061 -12.936
249.372 74.7481 -13.108
249.917 74.7721 -13.2702
250.451 74.8127 -13.4622
250.989 74.8279 -13.6446
251.372 74.8526 -13.7716
251.736 74.8737 -13.8909
252.08 74.8937 -13.9944
252.403 74.9218 -14.0964
252.715 74.9119 -14.167
253.005 74.9406 -14.2466
253.281 74.9487 -14.2991
253.553 74.9433 -14.3156
253.802 74.9607 -14.3842
254.049 74.9983 -14.4329
254.3 75.0207 -14.4782
254.558 75.0308 -14.4867
254.797 75.0465 -14.5183
255.057 75.0659 -14.4838
255.318 75.0863 -14.4703
255.554 75.1038 -14.4526
255.812 75.1073 -14.4147
256.075 75.108 -14.3609
256.31 75.1277 -14.3101
256.576 75.127 -14.2203
256.812 75.1348 -14.1323
257.097 75.1578 -14.022
257.389 75.1818 -13.92
257.647 75.1856 -13.7951
257.932 75.1956 -13.6012
258.224 75.2182 -13.4098
258.572 75.2268 -13.0916
258.885 75.2478 -12.7423
259.213 75.2603 -12.4086
259.517 75.2885 -12.0573
259.784 75.3032 -11.6772
260.032 75.3022 -11.2874
260.28 75.3251 -10.9011
260.489 75.352 -10.4948
260.703 75.3795 -10.0932
260.868 75.4058 -9.67154
261.02 75.4176 -9.24696
261.169 75.4281 -8.82427
261.32 75.4447 -8.40505
261.466 75.46 -7.98599
261.571 75.4806 -7.55921
261.701 75.4939 -7.13946
261.831 75.5118 -6.52576
261.936 75.5304 -5.89663
262.048 75.5579 -5.25391
262.199 75.5922 -4.60124
262.307 75.6031 -3.9203
262.449 75.5689 -3.21457
262.576 75.5738 -2.47508
262.696 75.5625 -1.7244
262.781 75.5823 -0.960656
262.846 75.6094 -0.171012
262.921 75.6261 0.647467
262.969 75.6344 1.48174
263.039 75.6461 2.33298
263.136 75.6571 3.19234
263.24 75.6717 4.06868
263.332 75.6699 4.95727
263.43 75.6765 5.86127
263.536 75.6835 6.78487
263.621 75.6978 7.71173
263.71 75.7069 8.64195
263.825 75.7265 9.57126
263.951 75.7409 10.5115
264.09 75.746 11.4549
264.212 75.7592 12.4177
264.329 75.7643 13.3925
264.453 75.7632 14.3777
264.584 75.7897 15.3598
264.711 75.8097 16.347
264.838 75.8376 17.3252
